-5 -5
-5 -4.78515625
-5 -4.5703125
-5 -4.35546875
-5 -4.140625
-5 -3.92578125
-5 -3.7109375
-5 -3.49609375
-5 -3.28125
-5 -3.06640625
-5 -2.8515625
-5 -2.63671875
-5 -2.421875
-5 -2.20703125
-5 -1.9921875
-5 -1.77734375
-5 -1.5625
-5 -1.34765625
-5 -1.1328125
-5 -.91796875
-5 -.703125
-5 -.48828125
-5 -.2734375
-5 -.05859375
-5 .15625
-5 .37109375
-5 .5859375
-5 .80078125
-5 1.015625
-5 1.23046875
-5 1.4453125
-5 1.66015625
-5 1.875
-5 2.08984375
-5 2.3046875
-5 2.51953125
-5 2.734375
-5 2.94921875
-5 3.1640625
-5 3.37890625
-5 3.59375
-5 3.80859375
-5 4.0234375
-5 4.23828125
-5 4.453125
-5 4.66796875
-5 4.8828125
-4.78515625 -5
-4.78515625 -4.78515625
-4.78515625 -4.5703125
-4.78515625 -4.35546875
-4.78515625 -4.140625
-4.78515625 -3.92578125
-4.78515625 -3.7109375
-4.78515625 -3.49609375
-4.78515625 -3.28125
-4.78515625 -3.06640625
-4.78515625 -2.8515625
-4.78515625 -2.63671875
-4.78515625 -2.421875
-4.78515625 -2.20703125
-4.78515625 -1.9921875
-4.78515625 -1.77734375
-4.78515625 -1.5625
-4.78515625 -1.34765625
-4.78515625 -1.1328125
-4.78515625 -.91796875
-4.78515625 -.703125
-4.78515625 -.48828125
-4.78515625 -.2734375
-4.78515625 -.05859375
-4.78515625 .15625
-4.78515625 .37109375
-4.78515625 .5859375
-4.78515625 .80078125
-4.78515625 1.015625
-4.78515625 1.23046875
-4.78515625 1.4453125
-4.78515625 1.66015625
-4.78515625 1.875
-4.78515625 2.08984375
-4.78515625 2.3046875
-4.78515625 2.51953125
-4.78515625 2.734375
-4.78515625 2.94921875
-4.78515625 3.1640625
-4.78515625 3.37890625
-4.78515625 3.59375
-4.78515625 3.80859375
-4.78515625 4.0234375
-4.78515625 4.23828125
-4.78515625 4.453125
-4.78515625 4.66796875
-4.78515625 4.8828125
-4.5703125 -5
-4.5703125 -4.78515625
-4.5703125 -4.5703125
-4.5703125 -4.35546875
-4.5703125 -4.140625
-4.5703125 -3.92578125
-4.5703125 -3.7109375
-4.5703125 -3.49609375
-4.5703125 -3.28125
-4.5703125 -3.06640625
-4.5703125 -2.8515625
-4.5703125 -2.63671875
-4.5703125 -2.421875
-4.5703125 -2.20703125
-4.5703125 -1.9921875
-4.5703125 -1.77734375
-4.5703125 -1.5625
-4.5703125 -1.34765625
-4.5703125 -1.1328125
-4.5703125 -.91796875
-4.5703125 -.703125
-4.5703125 -.48828125
-4.5703125 -.2734375
-4.5703125 -.05859375
-4.5703125 .15625
-4.5703125 .37109375
-4.5703125 .5859375
-4.5703125 .80078125
-4.5703125 1.015625
-4.5703125 1.23046875
-4.5703125 1.4453125
-4.5703125 1.66015625
-4.5703125 1.875
-4.5703125 2.08984375
-4.5703125 2.3046875
-4.5703125 2.51953125
-4.5703125 2.734375
-4.5703125 2.94921875
-4.5703125 3.1640625
-4.5703125 3.37890625
-4.5703125 3.59375
-4.5703125 3.80859375
-4.5703125 4.0234375
-4.5703125 4.23828125
-4.5703125 4.453125
-4.5703125 4.66796875
-4.5703125 4.8828125
-4.35546875 -5
-4.35546875 -4.78515625
-4.35546875 -4.5703125
-4.35546875 -4.35546875
-4.35546875 -4.140625
-4.35546875 -3.92578125
-4.35546875 -3.7109375
-4.35546875 -3.49609375
-4.35546875 -3.28125
-4.35546875 -3.06640625
-4.35546875 -2.8515625
-4.35546875 -2.63671875
-4.35546875 -2.421875
-4.35546875 -2.20703125
-4.35546875 -1.9921875
-4.35546875 -1.77734375
-4.35546875 -1.5625
-4.35546875 -1.34765625
-4.35546875 -1.1328125
-4.35546875 -.91796875
-4.35546875 -.703125
-4.35546875 -.48828125
-4.35546875 -.2734375
-4.35546875 -.05859375
-4.35546875 .15625
-4.35546875 .37109375
-4.35546875 .5859375
-4.35546875 .80078125
-4.35546875 1.015625
-4.35546875 1.23046875
-4.35546875 1.4453125
-4.35546875 1.66015625
-4.35546875 1.875
-4.35546875 2.08984375
-4.35546875 2.3046875
-4.35546875 2.51953125
-4.35546875 2.734375
-4.35546875 2.94921875
-4.35546875 3.1640625
-4.35546875 3.37890625
-4.35546875 3.59375
-4.35546875 3.80859375
-4.35546875 4.0234375
-4.35546875 4.23828125
-4.35546875 4.453125
-4.35546875 4.66796875
-4.35546875 4.8828125
-4.140625 -5
-4.140625 -4.78515625
-4.140625 -4.5703125
-4.140625 -4.35546875
-4.140625 -4.140625
-4.140625 -3.92578125
-4.140625 -3.7109375
-4.140625 -3.49609375
-4.140625 -3.28125
-4.140625 -3.06640625
-4.140625 -2.8515625
-4.140625 -2.63671875
-4.140625 -2.421875
-4.140625 -2.20703125
-4.140625 -1.9921875
-4.140625 -1.77734375
-4.140625 -1.5625
-4.140625 -1.34765625
-4.140625 -1.1328125
-4.140625 -.91796875
-4.140625 -.703125
-4.140625 -.48828125
-4.140625 -.2734375
-4.140625 -.05859375
-4.140625 .15625
-4.140625 .37109375
-4.140625 .5859375
-4.140625 .80078125
-4.140625 1.015625
-4.140625 1.23046875
-4.140625 1.4453125
-4.140625 1.66015625
-4.140625 1.875
-4.140625 2.08984375
-4.140625 2.3046875
-4.140625 2.51953125
-4.140625 2.734375
-4.140625 2.94921875
-4.140625 3.1640625
-4.140625 3.37890625
-4.140625 3.59375
-4.140625 3.80859375
-4.140625 4.0234375
-4.140625 4.23828125
-4.140625 4.453125
-4.140625 4.66796875
-4.140625 4.8828125
-3.92578125 -5
-3.92578125 -4.78515625
-3.92578125 -4.5703125
-3.92578125 -4.35546875
-3.92578125 -4.140625
-3.92578125 -3.92578125
-3.92578125 -3.7109375
-3.92578125 -3.49609375
-3.92578125 -3.28125
-3.92578125 -3.06640625
-3.92578125 -2.8515625
-3.92578125 -2.63671875
-3.92578125 -2.421875
-3.92578125 -2.20703125
-3.92578125 -1.9921875
-3.92578125 -1.77734375
-3.92578125 -1.5625
-3.92578125 -1.34765625
-3.92578125 -1.1328125
-3.92578125 -.91796875
-3.92578125 -.703125
-3.92578125 -.48828125
-3.92578125 -.2734375
-3.92578125 -.05859375
-3.92578125 .15625
-3.92578125 .37109375
-3.92578125 .5859375
-3.92578125 .80078125
-3.92578125 1.015625
-3.92578125 1.23046875
-3.92578125 1.4453125
-3.92578125 1.66015625
-3.92578125 1.875
-3.92578125 2.08984375
-3.92578125 2.3046875
-3.92578125 2.51953125
-3.92578125 2.734375
-3.92578125 2.94921875
-3.92578125 3.1640625
-3.92578125 3.37890625
-3.92578125 3.59375
-3.92578125 3.80859375
-3.92578125 4.0234375
-3.92578125 4.23828125
-3.92578125 4.453125
-3.92578125 4.66796875
-3.92578125 4.8828125
-3.7109375 -5
-3.7109375 -4.78515625
-3.7109375 -4.5703125
-3.7109375 -4.35546875
-3.7109375 -4.140625
-3.7109375 -3.92578125
-3.7109375 -3.7109375
-3.7109375 -3.49609375
-3.7109375 -3.28125
-3.7109375 -3.06640625
-3.7109375 -2.8515625
-3.7109375 -2.63671875
-3.7109375 -2.421875
-3.7109375 -2.20703125
-3.7109375 -1.9921875
-3.7109375 -1.77734375
-3.7109375 -1.5625
-3.7109375 -1.34765625
-3.7109375 -1.1328125
-3.7109375 -.91796875
-3.7109375 -.703125
-3.7109375 -.48828125
-3.7109375 -.2734375
-3.7109375 -.05859375
-3.7109375 .15625
-3.7109375 .37109375
-3.7109375 .5859375
-3.7109375 .80078125
-3.7109375 1.015625
-3.7109375 1.23046875
-3.7109375 1.4453125
-3.7109375 1.66015625
-3.7109375 1.875
-3.7109375 2.08984375
-3.7109375 2.3046875
-3.7109375 2.51953125
-3.7109375 2.734375
-3.7109375 2.94921875
-3.7109375 3.1640625
-3.7109375 3.37890625
-3.7109375 3.59375
-3.7109375 3.80859375
-3.7109375 4.0234375
-3.7109375 4.23828125
-3.7109375 4.453125
-3.7109375 4.66796875
-3.7109375 4.8828125
-3.49609375 -5
-3.49609375 -4.78515625
-3.49609375 -4.5703125
-3.49609375 -4.35546875
-3.49609375 -4.140625
-3.49609375 -3.92578125
-3.49609375 -3.7109375
-3.49609375 -3.49609375
-3.49609375 -3.28125
-3.49609375 -3.06640625
-3.49609375 -2.8515625
-3.49609375 -2.63671875
-3.49609375 -2.421875
-3.49609375 -2.20703125
-3.49609375 -1.9921875
-3.49609375 -1.77734375
-3.49609375 -1.5625
-3.49609375 -1.34765625
-3.49609375 -1.1328125
-3.49609375 -.91796875
-3.49609375 -.703125
-3.49609375 -.48828125
-3.49609375 -.2734375
-3.49609375 -.05859375
-3.49609375 .15625
-3.49609375 .37109375
-3.49609375 .5859375
-3.49609375 .80078125
-3.49609375 1.015625
-3.49609375 1.23046875
-3.49609375 1.4453125
-3.49609375 1.66015625
-3.49609375 1.875
-3.49609375 2.08984375
-3.49609375 2.3046875
-3.49609375 2.51953125
-3.49609375 2.734375
-3.49609375 2.94921875
-3.49609375 3.1640625
-3.49609375 3.37890625
-3.49609375 3.59375
-3.49609375 3.80859375
-3.49609375 4.0234375
-3.49609375 4.23828125
-3.49609375 4.453125
-3.49609375 4.66796875
-3.49609375 4.8828125
-3.28125 -5
-3.28125 -4.78515625
-3.28125 -4.5703125
-3.28125 -4.35546875
-3.28125 -4.140625
-3.28125 -3.92578125
-3.28125 -3.7109375
-3.28125 -3.49609375
-3.28125 -3.28125
-3.28125 -3.06640625
-3.28125 -2.8515625
-3.28125 -2.63671875
-3.28125 -2.421875
-3.28125 -2.20703125
-3.28125 -1.9921875
-3.28125 -1.77734375
-3.28125 -1.5625
-3.28125 -1.34765625
-3.28125 -1.1328125
-3.28125 -.91796875
-3.28125 -.703125
-3.28125 -.48828125
-3.28125 -.2734375
-3.28125 -.05859375
-3.28125 .15625
-3.28125 .37109375
-3.28125 .5859375
-3.28125 .80078125
-3.28125 1.015625
-3.28125 1.23046875
-3.28125 1.4453125
-3.28125 1.66015625
-3.28125 1.875
-3.28125 2.08984375
-3.28125 2.3046875
-3.28125 2.51953125
-3.28125 2.734375
-3.28125 2.94921875
-3.28125 3.1640625
-3.28125 3.37890625
-3.28125 3.59375
-3.28125 3.80859375
-3.28125 4.0234375
-3.28125 4.23828125
-3.28125 4.453125
-3.28125 4.66796875
-3.28125 4.8828125
-3.06640625 -5
-3.06640625 -4.78515625
-3.06640625 -4.5703125
-3.06640625 -4.35546875
-3.06640625 -4.140625
-3.06640625 -3.92578125
-3.06640625 -3.7109375
-3.06640625 -3.49609375
-3.06640625 -3.28125
-3.06640625 -3.06640625
-3.06640625 -2.8515625
-3.06640625 -2.63671875
-3.06640625 -2.421875
-3.06640625 -2.20703125
-3.06640625 -1.9921875
-3.06640625 -1.77734375
-3.06640625 -1.5625
-3.06640625 -1.34765625
-3.06640625 -1.1328125
-3.06640625 -.91796875
-3.06640625 -.703125
-3.06640625 -.48828125
-3.06640625 -.2734375
-3.06640625 -.05859375
-3.06640625 .15625
-3.06640625 .37109375
-3.06640625 .5859375
-3.06640625 .80078125
-3.06640625 1.015625
-3.06640625 1.23046875
-3.06640625 1.4453125
-3.06640625 1.66015625
-3.06640625 1.875
-3.06640625 2.08984375
-3.06640625 2.3046875
-3.06640625 2.51953125
-3.06640625 2.734375
-3.06640625 2.94921875
-3.06640625 3.1640625
-3.06640625 3.37890625
-3.06640625 3.59375
-3.06640625 3.80859375
-3.06640625 4.0234375
-3.06640625 4.23828125
-3.06640625 4.453125
-3.06640625 4.66796875
-3.06640625 4.8828125
-2.8515625 -5
-2.8515625 -4.78515625
-2.8515625 -4.5703125
-2.8515625 -4.35546875
-2.8515625 -4.140625
-2.8515625 -3.92578125
-2.8515625 -3.7109375
-2.8515625 -3.49609375
-2.8515625 -3.28125
-2.8515625 -3.06640625
-2.8515625 -2.8515625
-2.8515625 -2.63671875
-2.8515625 -2.421875
-2.8515625 -2.20703125
-2.8515625 -1.9921875
-2.8515625 -1.77734375
-2.8515625 -1.5625
-2.8515625 -1.34765625
-2.8515625 -1.1328125
-2.8515625 -.91796875
-2.8515625 -.703125
-2.8515625 -.48828125
-2.8515625 -.2734375
-2.8515625 -.05859375
-2.8515625 .15625
-2.8515625 .37109375
-2.8515625 .5859375
-2.8515625 .80078125
-2.8515625 1.015625
-2.8515625 1.23046875
-2.8515625 1.4453125
-2.8515625 1.66015625
-2.8515625 1.875
-2.8515625 2.08984375
-2.8515625 2.3046875
-2.8515625 2.51953125
-2.8515625 2.734375
-2.8515625 2.94921875
-2.8515625 3.1640625
-2.8515625 3.37890625
-2.8515625 3.59375
-2.8515625 3.80859375
-2.8515625 4.0234375
-2.8515625 4.23828125
-2.8515625 4.453125
-2.8515625 4.66796875
-2.8515625 4.8828125
-2.63671875 -5
-2.63671875 -4.78515625
-2.63671875 -4.5703125
-2.63671875 -4.35546875
-2.63671875 -4.140625
-2.63671875 -3.92578125
-2.63671875 -3.7109375
-2.63671875 -3.49609375
-2.63671875 -3.28125
-2.63671875 -3.06640625
-2.63671875 -2.8515625
-2.63671875 -2.63671875
-2.63671875 -2.421875
-2.63671875 -2.20703125
-2.63671875 -1.9921875
-2.63671875 -1.77734375
-2.63671875 -1.5625
-2.63671875 -1.34765625
-2.63671875 -1.1328125
-2.63671875 -.91796875
-2.63671875 -.703125
-2.63671875 -.48828125
-2.63671875 -.2734375
-2.63671875 -.05859375
-2.63671875 .15625
-2.63671875 .37109375
-2.63671875 .5859375
-2.63671875 .80078125
-2.63671875 1.015625
-2.63671875 1.23046875
-2.63671875 1.4453125
-2.63671875 1.66015625
-2.63671875 1.875
-2.63671875 2.08984375
-2.63671875 2.3046875
-2.63671875 2.51953125
-2.63671875 2.734375
-2.63671875 2.94921875
-2.63671875 3.1640625
-2.63671875 3.37890625
-2.63671875 3.59375
-2.63671875 3.80859375
-2.63671875 4.0234375
-2.63671875 4.23828125
-2.63671875 4.453125
-2.63671875 4.66796875
-2.63671875 4.8828125
-2.421875 -5
-2.421875 -4.78515625
-2.421875 -4.5703125
-2.421875 -4.35546875
-2.421875 -4.140625
-2.421875 -3.92578125
-2.421875 -3.7109375
-2.421875 -3.49609375
-2.421875 -3.28125
-2.421875 -3.06640625
-2.421875 -2.8515625
-2.421875 -2.63671875
-2.421875 -2.421875
-2.421875 -2.20703125
-2.421875 -1.9921875
-2.421875 -1.77734375
-2.421875 -1.5625
-2.421875 -1.34765625
-2.421875 -1.1328125
-2.421875 -.91796875
-2.421875 -.703125
-2.421875 -.48828125
-2.421875 -.2734375
-2.421875 -.05859375
-2.421875 .15625
-2.421875 .37109375
-2.421875 .5859375
-2.421875 .80078125
-2.421875 1.015625
-2.421875 1.23046875
-2.421875 1.4453125
-2.421875 1.66015625
-2.421875 1.875
-2.421875 2.08984375
-2.421875 2.3046875
-2.421875 2.51953125
-2.421875 2.734375
-2.421875 2.94921875
-2.421875 3.1640625
-2.421875 3.37890625
-2.421875 3.59375
-2.421875 3.80859375
-2.421875 4.0234375
-2.421875 4.23828125
-2.421875 4.453125
-2.421875 4.66796875
-2.421875 4.8828125
-2.20703125 -5
-2.20703125 -4.78515625
-2.20703125 -4.5703125
-2.20703125 -4.35546875
-2.20703125 -4.140625
-2.20703125 -3.92578125
-2.20703125 -3.7109375
-2.20703125 -3.49609375
-2.20703125 -3.28125
-2.20703125 -3.06640625
-2.20703125 -2.8515625
-2.20703125 -2.63671875
-2.20703125 -2.421875
-2.20703125 -2.20703125
-2.20703125 -1.9921875
-2.20703125 -1.77734375
-2.20703125 -1.5625
-2.20703125 -1.34765625
-2.20703125 -1.1328125
-2.20703125 -.91796875
-2.20703125 -.703125
-2.20703125 -.48828125
-2.20703125 -.2734375
-2.20703125 -.05859375
-2.20703125 .15625
-2.20703125 .37109375
-2.20703125 .5859375
-2.20703125 .80078125
-2.20703125 1.015625
-2.20703125 1.23046875
-2.20703125 1.4453125
-2.20703125 1.66015625
-2.20703125 1.875
-2.20703125 2.08984375
-2.20703125 2.3046875
-2.20703125 2.51953125
-2.20703125 2.734375
-2.20703125 2.94921875
-2.20703125 3.1640625
-2.20703125 3.37890625
-2.20703125 3.59375
-2.20703125 3.80859375
-2.20703125 4.0234375
-2.20703125 4.23828125
-2.20703125 4.453125
-2.20703125 4.66796875
-2.20703125 4.8828125
-1.9921875 -5
-1.9921875 -4.78515625
-1.9921875 -4.5703125
-1.9921875 -4.35546875
-1.9921875 -4.140625
-1.9921875 -3.92578125
-1.9921875 -3.7109375
-1.9921875 -3.49609375
-1.9921875 -3.28125
-1.9921875 -3.06640625
-1.9921875 -2.8515625
-1.9921875 -2.63671875
-1.9921875 -2.421875
-1.9921875 -2.20703125
-1.9921875 -1.9921875
-1.9921875 -1.77734375
-1.9921875 -1.5625
-1.9921875 -1.34765625
-1.9921875 -1.1328125
-1.9921875 -.91796875
-1.9921875 -.703125
-1.9921875 -.48828125
-1.9921875 -.2734375
-1.9921875 -.05859375
-1.9921875 .15625
-1.9921875 .37109375
-1.9921875 .5859375
-1.9921875 .80078125
-1.9921875 1.015625
-1.9921875 1.23046875
-1.9921875 1.4453125
-1.9921875 1.66015625
-1.9921875 1.875
-1.9921875 2.08984375
-1.9921875 2.3046875
-1.9921875 2.51953125
-1.9921875 2.734375
-1.9921875 2.94921875
-1.9921875 3.1640625
-1.9921875 3.37890625
-1.9921875 3.59375
-1.9921875 3.80859375
-1.9921875 4.0234375
-1.9921875 4.23828125
-1.9921875 4.453125
-1.9921875 4.66796875
-1.9921875 4.8828125
-1.77734375 -5
-1.77734375 -4.78515625
-1.77734375 -4.5703125
-1.77734375 -4.35546875
-1.77734375 -4.140625
-1.77734375 -3.92578125
-1.77734375 -3.7109375
-1.77734375 -3.49609375
-1.77734375 -3.28125
-1.77734375 -3.06640625
-1.77734375 -2.8515625
-1.77734375 -2.63671875
-1.77734375 -2.421875
-1.77734375 -2.20703125
-1.77734375 -1.9921875
-1.77734375 -1.77734375
-1.77734375 -1.5625
-1.77734375 -1.34765625
-1.77734375 -1.1328125
-1.77734375 -.91796875
-1.77734375 -.703125
-1.77734375 -.48828125
-1.77734375 -.2734375
-1.77734375 -.05859375
-1.77734375 .15625
-1.77734375 .37109375
-1.77734375 .5859375
-1.77734375 .80078125
-1.77734375 1.015625
-1.77734375 1.23046875
-1.77734375 1.4453125
-1.77734375 1.66015625
-1.77734375 1.875
-1.77734375 2.08984375
-1.77734375 2.3046875
-1.77734375 2.51953125
-1.77734375 2.734375
-1.77734375 2.94921875
-1.77734375 3.1640625
-1.77734375 3.37890625
-1.77734375 3.59375
-1.77734375 3.80859375
-1.77734375 4.0234375
-1.77734375 4.23828125
-1.77734375 4.453125
-1.77734375 4.66796875
-1.77734375 4.8828125
-1.5625 -5
-1.5625 -4.78515625
-1.5625 -4.5703125
-1.5625 -4.35546875
-1.5625 -4.140625
-1.5625 -3.92578125
-1.5625 -3.7109375
-1.5625 -3.49609375
-1.5625 -3.28125
-1.5625 -3.06640625
-1.5625 -2.8515625
-1.5625 -2.63671875
-1.5625 -2.421875
-1.5625 -2.20703125
-1.5625 -1.9921875
-1.5625 -1.77734375
-1.5625 -1.5625
-1.5625 -1.34765625
-1.5625 -1.1328125
-1.5625 -.91796875
-1.5625 -.703125
-1.5625 -.48828125
-1.5625 -.2734375
-1.5625 -.05859375
-1.5625 .15625
-1.5625 .37109375
-1.5625 .5859375
-1.5625 .80078125
-1.5625 1.015625
-1.5625 1.23046875
-1.5625 1.4453125
-1.5625 1.66015625
-1.5625 1.875
-1.5625 2.08984375
-1.5625 2.3046875
-1.5625 2.51953125
-1.5625 2.734375
-1.5625 2.94921875
-1.5625 3.1640625
-1.5625 3.37890625
-1.5625 3.59375
-1.5625 3.80859375
-1.5625 4.0234375
-1.5625 4.23828125
-1.5625 4.453125
-1.5625 4.66796875
-1.5625 4.8828125
-1.34765625 -5
-1.34765625 -4.78515625
-1.34765625 -4.5703125
-1.34765625 -4.35546875
-1.34765625 -4.140625
-1.34765625 -3.92578125
-1.34765625 -3.7109375
-1.34765625 -3.49609375
-1.34765625 -3.28125
-1.34765625 -3.06640625
-1.34765625 -2.8515625
-1.34765625 -2.63671875
-1.34765625 -2.421875
-1.34765625 -2.20703125
-1.34765625 -1.9921875
-1.34765625 -1.77734375
-1.34765625 -1.5625
-1.34765625 -1.34765625
-1.34765625 -1.1328125
-1.34765625 -.91796875
-1.34765625 -.703125
-1.34765625 -.48828125
-1.34765625 -.2734375
-1.34765625 -.05859375
-1.34765625 .15625
-1.34765625 .37109375
-1.34765625 .5859375
-1.34765625 .80078125
-1.34765625 1.015625
-1.34765625 1.23046875
-1.34765625 1.4453125
-1.34765625 1.66015625
-1.34765625 1.875
-1.34765625 2.08984375
-1.34765625 2.3046875
-1.34765625 2.51953125
-1.34765625 2.734375
-1.34765625 2.94921875
-1.34765625 3.1640625
-1.34765625 3.37890625
-1.34765625 3.59375
-1.34765625 3.80859375
-1.34765625 4.0234375
-1.34765625 4.23828125
-1.34765625 4.453125
-1.34765625 4.66796875
-1.34765625 4.8828125
-1.1328125 -5
-1.1328125 -4.78515625
-1.1328125 -4.5703125
-1.1328125 -4.35546875
-1.1328125 -4.140625
-1.1328125 -3.92578125
-1.1328125 -3.7109375
-1.1328125 -3.49609375
-1.1328125 -3.28125
-1.1328125 -3.06640625
-1.1328125 -2.8515625
-1.1328125 -2.63671875
-1.1328125 -2.421875
-1.1328125 -2.20703125
-1.1328125 -1.9921875
-1.1328125 -1.77734375
-1.1328125 -1.5625
-1.1328125 -1.34765625
-1.1328125 -1.1328125
-1.1328125 -.91796875
-1.1328125 -.703125
-1.1328125 -.48828125
-1.1328125 -.2734375
-1.1328125 -.05859375
-1.1328125 .15625
-1.1328125 .37109375
-1.1328125 .5859375
-1.1328125 .80078125
-1.1328125 1.015625
-1.1328125 1.23046875
-1.1328125 1.4453125
-1.1328125 1.66015625
-1.1328125 1.875
-1.1328125 2.08984375
-1.1328125 2.3046875
-1.1328125 2.51953125
-1.1328125 2.734375
-1.1328125 2.94921875
-1.1328125 3.1640625
-1.1328125 3.37890625
-1.1328125 3.59375
-1.1328125 3.80859375
-1.1328125 4.0234375
-1.1328125 4.23828125
-1.1328125 4.453125
-1.1328125 4.66796875
-1.1328125 4.8828125
-.91796875 -5
-.91796875 -4.78515625
-.91796875 -4.5703125
-.91796875 -4.35546875
-.91796875 -4.140625
-.91796875 -3.92578125
-.91796875 -3.7109375
-.91796875 -3.49609375
-.91796875 -3.28125
-.91796875 -3.06640625
-.91796875 -2.8515625
-.91796875 -2.63671875
-.91796875 -2.421875
-.91796875 -2.20703125
-.91796875 -1.9921875
-.91796875 -1.77734375
-.91796875 -1.5625
-.91796875 -1.34765625
-.91796875 -1.1328125
-.91796875 -.91796875
-.91796875 -.703125
-.91796875 -.48828125
-.91796875 -.2734375
-.91796875 -.05859375
-.91796875 .15625
-.91796875 .37109375
-.91796875 .5859375
-.91796875 .80078125
-.91796875 1.015625
-.91796875 1.23046875
-.91796875 1.4453125
-.91796875 1.66015625
-.91796875 1.875
-.91796875 2.08984375
-.91796875 2.3046875
-.91796875 2.51953125
-.91796875 2.734375
-.91796875 2.94921875
-.91796875 3.1640625
-.91796875 3.37890625
-.91796875 3.59375
-.91796875 3.80859375
-.91796875 4.0234375
-.91796875 4.23828125
-.91796875 4.453125
-.91796875 4.66796875
-.91796875 4.8828125
-.703125 -5
-.703125 -4.78515625
-.703125 -4.5703125
-.703125 -4.35546875
-.703125 -4.140625
-.703125 -3.92578125
-.703125 -3.7109375
-.703125 -3.49609375
-.703125 -3.28125
-.703125 -3.06640625
-.703125 -2.8515625
-.703125 -2.63671875
-.703125 -2.421875
-.703125 -2.20703125
-.703125 -1.9921875
-.703125 -1.77734375
-.703125 -1.5625
-.703125 -1.34765625
-.703125 -1.1328125
-.703125 -.91796875
-.703125 -.703125
-.703125 -.48828125
-.703125 -.2734375
-.703125 -.05859375
-.703125 .15625
-.703125 .37109375
-.703125 .5859375
-.703125 .80078125
-.703125 1.015625
-.703125 1.23046875
-.703125 1.4453125
-.703125 1.66015625
-.703125 1.875
-.703125 2.08984375
-.703125 2.3046875
-.703125 2.51953125
-.703125 2.734375
-.703125 2.94921875
-.703125 3.1640625
-.703125 3.37890625
-.703125 3.59375
-.703125 3.80859375
-.703125 4.0234375
-.703125 4.23828125
-.703125 4.453125
-.703125 4.66796875
-.703125 4.8828125
-.48828125 -5
-.48828125 -4.78515625
-.48828125 -4.5703125
-.48828125 -4.35546875
-.48828125 -4.140625
-.48828125 -3.92578125
-.48828125 -3.7109375
-.48828125 -3.49609375
-.48828125 -3.28125
-.48828125 -3.06640625
-.48828125 -2.8515625
-.48828125 -2.63671875
-.48828125 -2.421875
-.48828125 -2.20703125
-.48828125 -1.9921875
-.48828125 -1.77734375
-.48828125 -1.5625
-.48828125 -1.34765625
-.48828125 -1.1328125
-.48828125 -.91796875
-.48828125 -.703125
-.48828125 -.48828125
-.48828125 -.2734375
-.48828125 -.05859375
-.48828125 .15625
-.48828125 .37109375
-.48828125 .5859375
-.48828125 .80078125
-.48828125 1.015625
-.48828125 1.23046875
-.48828125 1.4453125
-.48828125 1.66015625
-.48828125 1.875
-.48828125 2.08984375
-.48828125 2.3046875
-.48828125 2.51953125
-.48828125 2.734375
-.48828125 2.94921875
-.48828125 3.1640625
-.48828125 3.37890625
-.48828125 3.59375
-.48828125 3.80859375
-.48828125 4.0234375
-.48828125 4.23828125
-.48828125 4.453125
-.48828125 4.66796875
-.48828125 4.8828125
-.2734375 -5
-.2734375 -4.78515625
-.2734375 -4.5703125
-.2734375 -4.35546875
-.2734375 -4.140625
-.2734375 -3.92578125
-.2734375 -3.7109375
-.2734375 -3.49609375
-.2734375 -3.28125
-.2734375 -3.06640625
-.2734375 -2.8515625
-.2734375 -2.63671875
-.2734375 -2.421875
-.2734375 -2.20703125
-.2734375 -1.9921875
-.2734375 -1.77734375
-.2734375 -1.5625
-.2734375 -1.34765625
-.2734375 -1.1328125
-.2734375 -.91796875
-.2734375 -.703125
-.2734375 -.48828125
-.2734375 -.2734375
-.2734375 -.05859375
-.2734375 .15625
-.2734375 .37109375
-.2734375 .5859375
-.2734375 .80078125
-.2734375 1.015625
-.2734375 1.23046875
-.2734375 1.4453125
-.2734375 1.66015625
-.2734375 1.875
-.2734375 2.08984375
-.2734375 2.3046875
-.2734375 2.51953125
-.2734375 2.734375
-.2734375 2.94921875
-.2734375 3.1640625
-.2734375 3.37890625
-.2734375 3.59375
-.2734375 3.80859375
-.2734375 4.0234375
-.2734375 4.23828125
-.2734375 4.453125
-.2734375 4.66796875
-.2734375 4.8828125
-.05859375 -5
-.05859375 -4.78515625
-.05859375 -4.5703125
-.05859375 -4.35546875
-.05859375 -4.140625
-.05859375 -3.92578125
-.05859375 -3.7109375
-.05859375 -3.49609375
-.05859375 -3.28125
-.05859375 -3.06640625
-.05859375 -2.8515625
-.05859375 -2.63671875
-.05859375 -2.421875
-.05859375 -2.20703125
-.05859375 -1.9921875
-.05859375 -1.77734375
-.05859375 -1.5625
-.05859375 -1.34765625
-.05859375 -1.1328125
-.05859375 -.91796875
-.05859375 -.703125
-.05859375 -.48828125
-.05859375 -.2734375
-.05859375 -.05859375
-.05859375 .15625
-.05859375 .37109375
-.05859375 .5859375
-.05859375 .80078125
-.05859375 1.015625
-.05859375 1.23046875
-.05859375 1.4453125
-.05859375 1.66015625
-.05859375 1.875
-.05859375 2.08984375
-.05859375 2.3046875
-.05859375 2.51953125
-.05859375 2.734375
-.05859375 2.94921875
-.05859375 3.1640625
-.05859375 3.37890625
-.05859375 3.59375
-.05859375 3.80859375
-.05859375 4.0234375
-.05859375 4.23828125
-.05859375 4.453125
-.05859375 4.66796875
-.05859375 4.8828125
.15625 -5
.15625 -4.78515625
.15625 -4.5703125
.15625 -4.35546875
.15625 -4.140625
.15625 -3.92578125
.15625 -3.7109375
.15625 -3.49609375
.15625 -3.28125
.15625 -3.06640625
.15625 -2.8515625
.15625 -2.63671875
.15625 -2.421875
.15625 -2.20703125
.15625 -1.9921875
.15625 -1.77734375
.15625 -1.5625
.15625 -1.34765625
.15625 -1.1328125
.15625 -.91796875
.15625 -.703125
.15625 -.48828125
.15625 -.2734375
.15625 -.05859375
.15625 .15625
.15625 .37109375
.15625 .5859375
.15625 .80078125
.15625 1.015625
.15625 1.23046875
.15625 1.4453125
.15625 1.66015625
.15625 1.875
.15625 2.08984375
.15625 2.3046875
.15625 2.51953125
.15625 2.734375
.15625 2.94921875
.15625 3.1640625
.15625 3.37890625
.15625 3.59375
.15625 3.80859375
.15625 4.0234375
.15625 4.23828125
.15625 4.453125
.15625 4.66796875
.15625 4.8828125
.37109375 -5
.37109375 -4.78515625
.37109375 -4.5703125
.37109375 -4.35546875
.37109375 -4.140625
.37109375 -3.92578125
.37109375 -3.7109375
.37109375 -3.49609375
.37109375 -3.28125
.37109375 -3.06640625
.37109375 -2.8515625
.37109375 -2.63671875
.37109375 -2.421875
.37109375 -2.20703125
.37109375 -1.9921875
.37109375 -1.77734375
.37109375 -1.5625
.37109375 -1.34765625
.37109375 -1.1328125
.37109375 -.91796875
.37109375 -.703125
.37109375 -.48828125
.37109375 -.2734375
.37109375 -.05859375
.37109375 .15625
.37109375 .37109375
.37109375 .5859375
.37109375 .80078125
.37109375 1.015625
.37109375 1.23046875
.37109375 1.4453125
.37109375 1.66015625
.37109375 1.875
.37109375 2.08984375
.37109375 2.3046875
.37109375 2.51953125
.37109375 2.734375
.37109375 2.94921875
.37109375 3.1640625
.37109375 3.37890625
.37109375 3.59375
.37109375 3.80859375
.37109375 4.0234375
.37109375 4.23828125
.37109375 4.453125
.37109375 4.66796875
.37109375 4.8828125
.5859375 -5
.5859375 -4.78515625
.5859375 -4.5703125
.5859375 -4.35546875
.5859375 -4.140625
.5859375 -3.92578125
.5859375 -3.7109375
.5859375 -3.49609375
.5859375 -3.28125
.5859375 -3.06640625
.5859375 -2.8515625
.5859375 -2.63671875
.5859375 -2.421875
.5859375 -2.20703125
.5859375 -1.9921875
.5859375 -1.77734375
.5859375 -1.5625
.5859375 -1.34765625
.5859375 -1.1328125
.5859375 -.91796875
.5859375 -.703125
.5859375 -.48828125
.5859375 -.2734375
.5859375 -.05859375
.5859375 .15625
.5859375 .37109375
.5859375 .5859375
.5859375 .80078125
.5859375 1.015625
.5859375 1.23046875
.5859375 1.4453125
.5859375 1.66015625
.5859375 1.875
.5859375 2.08984375
.5859375 2.3046875
.5859375 2.51953125
.5859375 2.734375
.5859375 2.94921875
.5859375 3.1640625
.5859375 3.37890625
.5859375 3.59375
.5859375 3.80859375
.5859375 4.0234375
.5859375 4.23828125
.5859375 4.453125
.5859375 4.66796875
.5859375 4.8828125
.80078125 -5
.80078125 -4.78515625
.80078125 -4.5703125
.80078125 -4.35546875
.80078125 -4.140625
.80078125 -3.92578125
.80078125 -3.7109375
.80078125 -3.49609375
.80078125 -3.28125
.80078125 -3.06640625
.80078125 -2.8515625
.80078125 -2.63671875
.80078125 -2.421875
.80078125 -2.20703125
.80078125 -1.9921875
.80078125 -1.77734375
.80078125 -1.5625
.80078125 -1.34765625
.80078125 -1.1328125
.80078125 -.91796875
.80078125 -.703125
.80078125 -.48828125
.80078125 -.2734375
.80078125 -.05859375
.80078125 .15625
.80078125 .37109375
.80078125 .5859375
.80078125 .80078125
.80078125 1.015625
.80078125 1.23046875
.80078125 1.4453125
.80078125 1.66015625
.80078125 1.875
.80078125 2.08984375
.80078125 2.3046875
.80078125 2.51953125
.80078125 2.734375
.80078125 2.94921875
.80078125 3.1640625
.80078125 3.37890625
.80078125 3.59375
.80078125 3.80859375
.80078125 4.0234375
.80078125 4.23828125
.80078125 4.453125
.80078125 4.66796875
.80078125 4.8828125
1.015625 -5
1.015625 -4.78515625
1.015625 -4.5703125
1.015625 -4.35546875
1.015625 -4.140625
1.015625 -3.92578125
1.015625 -3.7109375
1.015625 -3.49609375
1.015625 -3.28125
1.015625 -3.06640625
1.015625 -2.8515625
1.015625 -2.63671875
1.015625 -2.421875
1.015625 -2.20703125
1.015625 -1.9921875
1.015625 -1.77734375
1.015625 -1.5625
1.015625 -1.34765625
1.015625 -1.1328125
1.015625 -.91796875
1.015625 -.703125
1.015625 -.48828125
1.015625 -.2734375
1.015625 -.05859375
1.015625 .15625
1.015625 .37109375
1.015625 .5859375
1.015625 .80078125
1.015625 1.015625
1.015625 1.23046875
1.015625 1.4453125
1.015625 1.66015625
1.015625 1.875
1.015625 2.08984375
1.015625 2.3046875
1.015625 2.51953125
1.015625 2.734375
1.015625 2.94921875
1.015625 3.1640625
1.015625 3.37890625
1.015625 3.59375
1.015625 3.80859375
1.015625 4.0234375
1.015625 4.23828125
1.015625 4.453125
1.015625 4.66796875
1.015625 4.8828125
1.23046875 -5
1.23046875 -4.78515625
1.23046875 -4.5703125
1.23046875 -4.35546875
1.23046875 -4.140625
1.23046875 -3.92578125
1.23046875 -3.7109375
1.23046875 -3.49609375
1.23046875 -3.28125
1.23046875 -3.06640625
1.23046875 -2.8515625
1.23046875 -2.63671875
1.23046875 -2.421875
1.23046875 -2.20703125
1.23046875 -1.9921875
1.23046875 -1.77734375
1.23046875 -1.5625
1.23046875 -1.34765625
1.23046875 -1.1328125
1.23046875 -.91796875
1.23046875 -.703125
1.23046875 -.48828125
1.23046875 -.2734375
1.23046875 -.05859375
1.23046875 .15625
1.23046875 .37109375
1.23046875 .5859375
1.23046875 .80078125
1.23046875 1.015625
1.23046875 1.23046875
1.23046875 1.4453125
1.23046875 1.66015625
1.23046875 1.875
1.23046875 2.08984375
1.23046875 2.3046875
1.23046875 2.51953125
1.23046875 2.734375
1.23046875 2.94921875
1.23046875 3.1640625
1.23046875 3.37890625
1.23046875 3.59375
1.23046875 3.80859375
1.23046875 4.0234375
1.23046875 4.23828125
1.23046875 4.453125
1.23046875 4.66796875
1.23046875 4.8828125
1.4453125 -5
1.4453125 -4.78515625
1.4453125 -4.5703125
1.4453125 -4.35546875
1.4453125 -4.140625
1.4453125 -3.92578125
1.4453125 -3.7109375
1.4453125 -3.49609375
1.4453125 -3.28125
1.4453125 -3.06640625
1.4453125 -2.8515625
1.4453125 -2.63671875
1.4453125 -2.421875
1.4453125 -2.20703125
1.4453125 -1.9921875
1.4453125 -1.77734375
1.4453125 -1.5625
1.4453125 -1.34765625
1.4453125 -1.1328125
1.4453125 -.91796875
1.4453125 -.703125
1.4453125 -.48828125
1.4453125 -.2734375
1.4453125 -.05859375
1.4453125 .15625
1.4453125 .37109375
1.4453125 .5859375
1.4453125 .80078125
1.4453125 1.015625
1.4453125 1.23046875
1.4453125 1.4453125
1.4453125 1.66015625
1.4453125 1.875
1.4453125 2.08984375
1.4453125 2.3046875
1.4453125 2.51953125
1.4453125 2.734375
1.4453125 2.94921875
1.4453125 3.1640625
1.4453125 3.37890625
1.4453125 3.59375
1.4453125 3.80859375
1.4453125 4.0234375
1.4453125 4.23828125
1.4453125 4.453125
1.4453125 4.66796875
1.4453125 4.8828125
1.66015625 -5
1.66015625 -4.78515625
1.66015625 -4.5703125
1.66015625 -4.35546875
1.66015625 -4.140625
1.66015625 -3.92578125
1.66015625 -3.7109375
1.66015625 -3.49609375
1.66015625 -3.28125
1.66015625 -3.06640625
1.66015625 -2.8515625
1.66015625 -2.63671875
1.66015625 -2.421875
1.66015625 -2.20703125
1.66015625 -1.9921875
1.66015625 -1.77734375
1.66015625 -1.5625
1.66015625 -1.34765625
1.66015625 -1.1328125
1.66015625 -.91796875
1.66015625 -.703125
1.66015625 -.48828125
1.66015625 -.2734375
1.66015625 -.05859375
1.66015625 .15625
1.66015625 .37109375
1.66015625 .5859375
1.66015625 .80078125
1.66015625 1.015625
1.66015625 1.23046875
1.66015625 1.4453125
1.66015625 1.66015625
1.66015625 1.875
1.66015625 2.08984375
1.66015625 2.3046875
1.66015625 2.51953125
1.66015625 2.734375
1.66015625 2.94921875
1.66015625 3.1640625
1.66015625 3.37890625
1.66015625 3.59375
1.66015625 3.80859375
1.66015625 4.0234375
1.66015625 4.23828125
1.66015625 4.453125
1.66015625 4.66796875
1.66015625 4.8828125
1.875 -5
1.875 -4.78515625
1.875 -4.5703125
1.875 -4.35546875
1.875 -4.140625
1.875 -3.92578125
1.875 -3.7109375
1.875 -3.49609375
1.875 -3.28125
1.875 -3.06640625
1.875 -2.8515625
1.875 -2.63671875
1.875 -2.421875
1.875 -2.20703125
1.875 -1.9921875
1.875 -1.77734375
1.875 -1.5625
1.875 -1.34765625
1.875 -1.1328125
1.875 -.91796875
1.875 -.703125
1.875 -.48828125
1.875 -.2734375
1.875 -.05859375
1.875 .15625
1.875 .37109375
1.875 .5859375
1.875 .80078125
1.875 1.015625
1.875 1.23046875
1.875 1.4453125
1.875 1.66015625
1.875 1.875
1.875 2.08984375
1.875 2.3046875
1.875 2.51953125
1.875 2.734375
1.875 2.94921875
1.875 3.1640625
1.875 3.37890625
1.875 3.59375
1.875 3.80859375
1.875 4.0234375
1.875 4.23828125
1.875 4.453125
1.875 4.66796875
1.875 4.8828125
2.08984375 -5
2.08984375 -4.78515625
2.08984375 -4.5703125
2.08984375 -4.35546875
2.08984375 -4.140625
2.08984375 -3.92578125
2.08984375 -3.7109375
2.08984375 -3.49609375
2.08984375 -3.28125
2.08984375 -3.06640625
2.08984375 -2.8515625
2.08984375 -2.63671875
2.08984375 -2.421875
2.08984375 -2.20703125
2.08984375 -1.9921875
2.08984375 -1.77734375
2.08984375 -1.5625
2.08984375 -1.34765625
2.08984375 -1.1328125
2.08984375 -.91796875
2.08984375 -.703125
2.08984375 -.48828125
2.08984375 -.2734375
2.08984375 -.05859375
2.08984375 .15625
2.08984375 .37109375
2.08984375 .5859375
2.08984375 .80078125
2.08984375 1.015625
2.08984375 1.23046875
2.08984375 1.4453125
2.08984375 1.66015625
2.08984375 1.875
2.08984375 2.08984375
2.08984375 2.3046875
2.08984375 2.51953125
2.08984375 2.734375
2.08984375 2.94921875
2.08984375 3.1640625
2.08984375 3.37890625
2.08984375 3.59375
2.08984375 3.80859375
2.08984375 4.0234375
2.08984375 4.23828125
2.08984375 4.453125
2.08984375 4.66796875
2.08984375 4.8828125
2.3046875 -5
2.3046875 -4.78515625
2.3046875 -4.5703125
2.3046875 -4.35546875
2.3046875 -4.140625
2.3046875 -3.92578125
2.3046875 -3.7109375
2.3046875 -3.49609375
2.3046875 -3.28125
2.3046875 -3.06640625
2.3046875 -2.8515625
2.3046875 -2.63671875
2.3046875 -2.421875
2.3046875 -2.20703125
2.3046875 -1.9921875
2.3046875 -1.77734375
2.3046875 -1.5625
2.3046875 -1.34765625
2.3046875 -1.1328125
2.3046875 -.91796875
2.3046875 -.703125
2.3046875 -.48828125
2.3046875 -.2734375
2.3046875 -.05859375
2.3046875 .15625
2.3046875 .37109375
2.3046875 .5859375
2.3046875 .80078125
2.3046875 1.015625
2.3046875 1.23046875
2.3046875 1.4453125
2.3046875 1.66015625
2.3046875 1.875
2.3046875 2.08984375
2.3046875 2.3046875
2.3046875 2.51953125
2.3046875 2.734375
2.3046875 2.94921875
2.3046875 3.1640625
2.3046875 3.37890625
2.3046875 3.59375
2.3046875 3.80859375
2.3046875 4.0234375
2.3046875 4.23828125
2.3046875 4.453125
2.3046875 4.66796875
2.3046875 4.8828125
2.51953125 -5
2.51953125 -4.78515625
2.51953125 -4.5703125
2.51953125 -4.35546875
2.51953125 -4.140625
2.51953125 -3.92578125
2.51953125 -3.7109375
2.51953125 -3.49609375
2.51953125 -3.28125
2.51953125 -3.06640625
2.51953125 -2.8515625
2.51953125 -2.63671875
2.51953125 -2.421875
2.51953125 -2.20703125
2.51953125 -1.9921875
2.51953125 -1.77734375
2.51953125 -1.5625
2.51953125 -1.34765625
2.51953125 -1.1328125
2.51953125 -.91796875
2.51953125 -.703125
2.51953125 -.48828125
2.51953125 -.2734375
2.51953125 -.05859375
2.51953125 .15625
2.51953125 .37109375
2.51953125 .5859375
2.51953125 .80078125
2.51953125 1.015625
2.51953125 1.23046875
2.51953125 1.4453125
2.51953125 1.66015625
2.51953125 1.875
2.51953125 2.08984375
2.51953125 2.3046875
2.51953125 2.51953125
2.51953125 2.734375
2.51953125 2.94921875
2.51953125 3.1640625
2.51953125 3.37890625
2.51953125 3.59375
2.51953125 3.80859375
2.51953125 4.0234375
2.51953125 4.23828125
2.51953125 4.453125
2.51953125 4.66796875
2.51953125 4.8828125
2.734375 -5
2.734375 -4.78515625
2.734375 -4.5703125
2.734375 -4.35546875
2.734375 -4.140625
2.734375 -3.92578125
2.734375 -3.7109375
2.734375 -3.49609375
2.734375 -3.28125
2.734375 -3.06640625
2.734375 -2.8515625
2.734375 -2.63671875
2.734375 -2.421875
2.734375 -2.20703125
2.734375 -1.9921875
2.734375 -1.77734375
2.734375 -1.5625
2.734375 -1.34765625
2.734375 -1.1328125
2.734375 -.91796875
2.734375 -.703125
2.734375 -.48828125
2.734375 -.2734375
2.734375 -.05859375
2.734375 .15625
2.734375 .37109375
2.734375 .5859375
2.734375 .80078125
2.734375 1.015625
2.734375 1.23046875
2.734375 1.4453125
2.734375 1.66015625
2.734375 1.875
2.734375 2.08984375
2.734375 2.3046875
2.734375 2.51953125
2.734375 2.734375
2.734375 2.94921875
2.734375 3.1640625
2.734375 3.37890625
2.734375 3.59375
2.734375 3.80859375
2.734375 4.0234375
2.734375 4.23828125
2.734375 4.453125
2.734375 4.66796875
2.734375 4.8828125
2.94921875 -5
2.94921875 -4.78515625
2.94921875 -4.5703125
2.94921875 -4.35546875
2.94921875 -4.140625
2.94921875 -3.92578125
2.94921875 -3.7109375
2.94921875 -3.49609375
2.94921875 -3.28125
2.94921875 -3.06640625
2.94921875 -2.8515625
2.94921875 -2.63671875
2.94921875 -2.421875
2.94921875 -2.20703125
2.94921875 -1.9921875
2.94921875 -1.77734375
2.94921875 -1.5625
2.94921875 -1.34765625
2.94921875 -1.1328125
2.94921875 -.91796875
2.94921875 -.703125
2.94921875 -.48828125
2.94921875 -.2734375
2.94921875 -.05859375
2.94921875 .15625
2.94921875 .37109375
2.94921875 .5859375
2.94921875 .80078125
2.94921875 1.015625
2.94921875 1.23046875
2.94921875 1.4453125
2.94921875 1.66015625
2.94921875 1.875
2.94921875 2.08984375
2.94921875 2.3046875
2.94921875 2.51953125
2.94921875 2.734375
2.94921875 2.94921875
2.94921875 3.1640625
2.94921875 3.37890625
2.94921875 3.59375
2.94921875 3.80859375
2.94921875 4.0234375
2.94921875 4.23828125
2.94921875 4.453125
2.94921875 4.66796875
2.94921875 4.8828125
3.1640625 -5
3.1640625 -4.78515625
3.1640625 -4.5703125
3.1640625 -4.35546875
3.1640625 -4.140625
3.1640625 -3.92578125
3.1640625 -3.7109375
3.1640625 -3.49609375
3.1640625 -3.28125
3.1640625 -3.06640625
3.1640625 -2.8515625
3.1640625 -2.63671875
3.1640625 -2.421875
3.1640625 -2.20703125
3.1640625 -1.9921875
3.1640625 -1.77734375
3.1640625 -1.5625
3.1640625 -1.34765625
3.1640625 -1.1328125
3.1640625 -.91796875
3.1640625 -.703125
3.1640625 -.48828125
3.1640625 -.2734375
3.1640625 -.05859375
3.1640625 .15625
3.1640625 .37109375
3.1640625 .5859375
3.1640625 .80078125
3.1640625 1.015625
3.1640625 1.23046875
3.1640625 1.4453125
3.1640625 1.66015625
3.1640625 1.875
3.1640625 2.08984375
3.1640625 2.3046875
3.1640625 2.51953125
3.1640625 2.734375
3.1640625 2.94921875
3.1640625 3.1640625
3.1640625 3.37890625
3.1640625 3.59375
3.1640625 3.80859375
3.1640625 4.0234375
3.1640625 4.23828125
3.1640625 4.453125
3.1640625 4.66796875
3.1640625 4.8828125
3.37890625 -5
3.37890625 -4.78515625
3.37890625 -4.5703125
3.37890625 -4.35546875
3.37890625 -4.140625
3.37890625 -3.92578125
3.37890625 -3.7109375
3.37890625 -3.49609375
3.37890625 -3.28125
3.37890625 -3.06640625
3.37890625 -2.8515625
3.37890625 -2.63671875
3.37890625 -2.421875
3.37890625 -2.20703125
3.37890625 -1.9921875
3.37890625 -1.77734375
3.37890625 -1.5625
3.37890625 -1.34765625
3.37890625 -1.1328125
3.37890625 -.91796875
3.37890625 -.703125
3.37890625 -.48828125
3.37890625 -.2734375
3.37890625 -.05859375
3.37890625 .15625
3.37890625 .37109375
3.37890625 .5859375
3.37890625 .80078125
3.37890625 1.015625
3.37890625 1.23046875
3.37890625 1.4453125
3.37890625 1.66015625
3.37890625 1.875
3.37890625 2.08984375
3.37890625 2.3046875
3.37890625 2.51953125
3.37890625 2.734375
3.37890625 2.94921875
3.37890625 3.1640625
3.37890625 3.37890625
3.37890625 3.59375
3.37890625 3.80859375
3.37890625 4.0234375
3.37890625 4.23828125
3.37890625 4.453125
3.37890625 4.66796875
3.37890625 4.8828125
3.59375 -5
3.59375 -4.78515625
3.59375 -4.5703125
3.59375 -4.35546875
3.59375 -4.140625
3.59375 -3.92578125
3.59375 -3.7109375
3.59375 -3.49609375
3.59375 -3.28125
3.59375 -3.06640625
3.59375 -2.8515625
3.59375 -2.63671875
3.59375 -2.421875
3.59375 -2.20703125
3.59375 -1.9921875
3.59375 -1.77734375
3.59375 -1.5625
3.59375 -1.34765625
3.59375 -1.1328125
3.59375 -.91796875
3.59375 -.703125
3.59375 -.48828125
3.59375 -.2734375
3.59375 -.05859375
3.59375 .15625
3.59375 .37109375
3.59375 .5859375
3.59375 .80078125
3.59375 1.015625
3.59375 1.23046875
3.59375 1.4453125
3.59375 1.66015625
3.59375 1.875
3.59375 2.08984375
3.59375 2.3046875
3.59375 2.51953125
3.59375 2.734375
3.59375 2.94921875
3.59375 3.1640625
3.59375 3.37890625
3.59375 3.59375
3.59375 3.80859375
3.59375 4.0234375
3.59375 4.23828125
3.59375 4.453125
3.59375 4.66796875
3.59375 4.8828125
3.80859375 -5
3.80859375 -4.78515625
3.80859375 -4.5703125
3.80859375 -4.35546875
3.80859375 -4.140625
3.80859375 -3.92578125
3.80859375 -3.7109375
3.80859375 -3.49609375
3.80859375 -3.28125
3.80859375 -3.06640625
3.80859375 -2.8515625
3.80859375 -2.63671875
3.80859375 -2.421875
3.80859375 -2.20703125
3.80859375 -1.9921875
3.80859375 -1.77734375
3.80859375 -1.5625
3.80859375 -1.34765625
3.80859375 -1.1328125
3.80859375 -.91796875
3.80859375 -.703125
3.80859375 -.48828125
3.80859375 -.2734375
3.80859375 -.05859375
3.80859375 .15625
3.80859375 .37109375
3.80859375 .5859375
3.80859375 .80078125
3.80859375 1.015625
3.80859375 1.23046875
3.80859375 1.4453125
3.80859375 1.66015625
3.80859375 1.875
3.80859375 2.08984375
3.80859375 2.3046875
3.80859375 2.51953125
3.80859375 2.734375
3.80859375 2.94921875
3.80859375 3.1640625
3.80859375 3.37890625
3.80859375 3.59375
3.80859375 3.80859375
3.80859375 4.0234375
3.80859375 4.23828125
3.80859375 4.453125
3.80859375 4.66796875
3.80859375 4.8828125
4.0234375 -5
4.0234375 -4.78515625
4.0234375 -4.5703125
4.0234375 -4.35546875
4.0234375 -4.140625
4.0234375 -3.92578125
4.0234375 -3.7109375
4.0234375 -3.49609375
4.0234375 -3.28125
4.0234375 -3.06640625
4.0234375 -2.8515625
4.0234375 -2.63671875
4.0234375 -2.421875
4.0234375 -2.20703125
4.0234375 -1.9921875
4.0234375 -1.77734375
4.0234375 -1.5625
4.0234375 -1.34765625
4.0234375 -1.1328125
4.0234375 -.91796875
4.0234375 -.703125
4.0234375 -.48828125
4.0234375 -.2734375
4.0234375 -.05859375
4.0234375 .15625
4.0234375 .37109375
4.0234375 .5859375
4.0234375 .80078125
4.0234375 1.015625
4.0234375 1.23046875
4.0234375 1.4453125
4.0234375 1.66015625
4.0234375 1.875
4.0234375 2.08984375
4.0234375 2.3046875
4.0234375 2.51953125
4.0234375 2.734375
4.0234375 2.94921875
4.0234375 3.1640625
4.0234375 3.37890625
4.0234375 3.59375
4.0234375 3.80859375
4.0234375 4.0234375
4.0234375 4.23828125
4.0234375 4.453125
4.0234375 4.66796875
4.0234375 4.8828125
4.23828125 -5
4.23828125 -4.78515625
4.23828125 -4.5703125
4.23828125 -4.35546875
4.23828125 -4.140625
4.23828125 -3.92578125
4.23828125 -3.7109375
4.23828125 -3.49609375
4.23828125 -3.28125
4.23828125 -3.06640625
4.23828125 -2.8515625
4.23828125 -2.63671875
4.23828125 -2.421875
4.23828125 -2.20703125
4.23828125 -1.9921875
4.23828125 -1.77734375
4.23828125 -1.5625
4.23828125 -1.34765625
4.23828125 -1.1328125
4.23828125 -.91796875
4.23828125 -.703125
4.23828125 -.48828125
4.23828125 -.2734375
4.23828125 -.05859375
4.23828125 .15625
4.23828125 .37109375
4.23828125 .5859375
4.23828125 .80078125
4.23828125 1.015625
4.23828125 1.23046875
4.23828125 1.4453125
4.23828125 1.66015625
4.23828125 1.875
4.23828125 2.08984375
4.23828125 2.3046875
4.23828125 2.51953125
4.23828125 2.734375
4.23828125 2.94921875
4.23828125 3.1640625
4.23828125 3.37890625
4.23828125 3.59375
4.23828125 3.80859375
4.23828125 4.0234375
4.23828125 4.23828125
4.23828125 4.453125
4.23828125 4.66796875
4.23828125 4.8828125
4.453125 -5
4.453125 -4.78515625
4.453125 -4.5703125
4.453125 -4.35546875
4.453125 -4.140625
4.453125 -3.92578125
4.453125 -3.7109375
4.453125 -3.49609375
4.453125 -3.28125
4.453125 -3.06640625
4.453125 -2.8515625
4.453125 -2.63671875
4.453125 -2.421875
4.453125 -2.20703125
4.453125 -1.9921875
4.453125 -1.77734375
4.453125 -1.5625
4.453125 -1.34765625
4.453125 -1.1328125
4.453125 -.91796875
4.453125 -.703125
4.453125 -.48828125
4.453125 -.2734375
4.453125 -.05859375
4.453125 .15625
4.453125 .37109375
4.453125 .5859375
4.453125 .80078125
4.453125 1.015625
4.453125 1.23046875
4.453125 1.4453125
4.453125 1.66015625
4.453125 1.875
4.453125 2.08984375
4.453125 2.3046875
4.453125 2.51953125
4.453125 2.734375
4.453125 2.94921875
4.453125 3.1640625
4.453125 3.37890625
4.453125 3.59375
4.453125 3.80859375
4.453125 4.0234375
4.453125 4.23828125
4.453125 4.453125
4.453125 4.66796875
4.453125 4.8828125
4.66796875 -5
4.66796875 -4.78515625
4.66796875 -4.5703125
4.66796875 -4.35546875
4.66796875 -4.140625
4.66796875 -3.92578125
4.66796875 -3.7109375
4.66796875 -3.49609375
4.66796875 -3.28125
4.66796875 -3.06640625
4.66796875 -2.8515625
4.66796875 -2.63671875
4.66796875 -2.421875
4.66796875 -2.20703125
4.66796875 -1.9921875
4.66796875 -1.77734375
4.66796875 -1.5625
4.66796875 -1.34765625
4.66796875 -1.1328125
4.66796875 -.91796875
4.66796875 -.703125
4.66796875 -.48828125
4.66796875 -.2734375
4.66796875 -.05859375
4.66796875 .15625
4.66796875 .37109375
4.66796875 .5859375
4.66796875 .80078125
4.66796875 1.015625
4.66796875 1.23046875
4.66796875 1.4453125
4.66796875 1.66015625
4.66796875 1.875
4.66796875 2.08984375
4.66796875 2.3046875
4.66796875 2.51953125
4.66796875 2.734375
4.66796875 2.94921875
4.66796875 3.1640625
4.66796875 3.37890625
4.66796875 3.59375
4.66796875 3.80859375
4.66796875 4.0234375
4.66796875 4.23828125
4.66796875 4.453125
4.66796875 4.66796875
4.66796875 4.8828125
4.8828125 -5
4.8828125 -4.78515625
4.8828125 -4.5703125
4.8828125 -4.35546875
4.8828125 -4.140625
4.8828125 -3.92578125
4.8828125 -3.7109375
4.8828125 -3.49609375
4.8828125 -3.28125
4.8828125 -3.06640625
4.8828125 -2.8515625
4.8828125 -2.63671875
4.8828125 -2.421875
4.8828125 -2.20703125
4.8828125 -1.9921875
4.8828125 -1.77734375
4.8828125 -1.5625
4.8828125 -1.34765625
4.8828125 -1.1328125
4.8828125 -.91796875
4.8828125 -.703125
4.8828125 -.48828125
4.8828125 -.2734375
4.8828125 -.05859375
4.8828125 .15625
4.8828125 .37109375
4.8828125 .5859375
4.8828125 .80078125
4.8828125 1.015625
4.8828125 1.23046875
4.8828125 1.4453125
4.8828125 1.66015625
4.8828125 1.875
4.8828125 2.08984375
4.8828125 2.3046875
4.8828125 2.51953125
4.8828125 2.734375
4.8828125 2.94921875
4.8828125 3.1640625
4.8828125 3.37890625
4.8828125 3.59375
4.8828125 3.80859375
4.8828125 4.0234375
4.8828125 4.23828125
4.8828125 4.453125
4.8828125 4.66796875
4.8828125 4.8828125
0 0
0 0
0 0
0 0
0 0
0 0
0 0
0 0
0 0
0 0
0 0
0 0
0 0
0 0
0 0
0 0
0 0
0 0
0 0
0 0
0 0
0 0
0 0
0 0
0 0
0 0
0 0
0 0
0 0
0 0
0 0
0 0
0 0
0 0
0 0
0 0
0 0
0 0
0 0
0 0
0 0
